251
220
53
840
1148
924
714
309
1486
283
1333
418
1324
413
1239
1186
1451
1458
425
378
797
635
58
1403
1225
1552
914
1471
582
931
518
760
130
1124
1052
1172
1373
1222
830
951
1387
454
821
239
737
556
991
1536
1243
800
1307
1342
434
1777
91
1683
1489
686
117
625
282
1757
357
65
614
565
1151
122
1262
1453
1267
889
786
789
1621
1220
1085
482
937
1218
291
153
168
498
1098
860
672
633
878
27
5
302
1702
1790
549
1641
866
336
97
1781
920
1748
1197
1439
260
849
1389
1395
703
1565
1300
1005
1063
1673
1254
420
1062
175
1208
61
1488
1261
767
1291
56
1054
1133
526
1207
972
1227
592
632
1491
1739
1071
1530
28
1411
637
976
1130
666
1598
1680
138
693
784
855
496
616
442
1206
468
690
857
1445
934
973
691
1480
913
1409
1542
1386
194
1067
971
1449
493
653
642
1157
1238
1534
1007
427
610
817
71
1179
1681
405
992
1069
1014
1346
956
517
1282
1319
1276
358
335
1001
0
1363
403
1229
1027
206
1774
1224
344
699
100
627
1695
1330
1425
384
34
342
93
323
332
1608
162
1095
1031
411
346
1612
921
542
488
124
748
238
1073
948
92
731
1348
1597
1332
839
186
905
872
1682
59
489
296
1607
1533
1600
132
1490
698
1431
1440
1502
1482
1651
981
1221
1408
18
1498
922
1782
1706
1658
1503
1493
1297
182
1192
1704
1566
1775
859
1466
1526
1751
1636
795
533
510
414
775
585
235
472
580
157
1633
809
798
287
334
1202
401
1596
209
1724
851
417
605
1083
1788
1055
989
824
1443
1508
315
1750
177
1061
1494
272
894
1515
1770
495
1242
426
382
792
908
947
804
1727
366
202
173
681
759
613
787
654
1112
1642
707
805
492
1742
1328
1086
439
1184
955
1303
1638
353
1392
942
324
998
1296
1034
1326
1758
316
891
441
158
1523
279
1171
84
862
1173
1745
1554
2
1365
1622
826
1645
936
1299
152
994
1785
1294
967
774
799
1118
1697
1741
78
1473
1460
747
127
1288
1761
1671
1383
1376
1560
1310
1256
606
1255
225
619
1076
803
1189
457
351
823
904
156
1457
1166
1575
584
1006
544
1611
289
199
1019
1367
643
1190
89
303
954
850
452
479
1581
3
1519
471
1586
661
571
167
845
1452
609
102
1485
1736
1422
618
445
873
532
1802
1393
133
178
1577
207
1539
114
1284
886
1056
90
243
4
1188
1753
835
362
1588
213
1768
389
1065
1599
295
769
371
1710
148
7
1059
1740
1553
1102
1415
163
874
999
216
244
688
551
1180
265
1217
259
1141
1344
1249
422
1737
1269
484
1336
1032
1042
1107
1347
487
135
1380
555
738
648
752
191
1312
515
103
1228
161
807
641
1181
1250
557
1548
982
667
852
1160
87
416
1286
810
270
1072
25
1114
1385
376
1185
1368
646
1361
1733
1660
1659
911
615
733
200
504
134
1637
783
64
744
722
330
1789
38
1418
1518
624
1371
524
912
19
297
892
755
950
369
838
825
757
1329
1614
24
679
843
1119
248
1144
1178
1015
1248
128
1556
978
421
448
189
396
762
1174
1158
986
1551
1327
519
1692
1234
1043
966
1628
1635
903
756
1369
683
1280
732
1795
1382
1527
423
1092
763
311
72
1771
218
588
870
503
116
1576
853
768
1694
1037
1335
391
1381
146
883
652
1495
1804
638
1432
927
104
125
1396
1744
470
945
1289
735
327
370
298
1627
1759
1470
1143
1281
548
970
1729
1605
192
1454
926
773
1414
108
1292
656
1579
141
701
649
438
462
431
1203
718
599
717
598
13
1084
350
120
1604
501
1103
1573
671
1026
1640
1074
1420
109
1140
66
675
1438
1594
1051
1287
1574
1149
1616
724
233
1550
474
700
40
993
68
1285
321
1259
20
740
1343
1760
1356
1524
1253
987
1350
1609
1323
150
1730
1109
255
979
1700
596
1204
75
721
1778
834
946
662
749
1467
925
1799
788
1587
1100
294
494
455
1562
1717
1275
121
1602
170
539
543
1097
1146
736
1723
930
48
463
822
1624
1384
929
664
1580
1402
226
33
655
467
1463
1734
620
965
1743
1317
159
1469
640
1798
1762
1513
1036
1244
475
673
1245
166
1013
394
1405
1416
988
1725
126
257
867
1650
74
1305
1070
145
668
1687
1283
1595
1525
368
704
254
509
1505
1057
595
1094
577
1501
1666
453
210
1447
963
1394
1193
1540
1654
902
558
288
917
715
1205
1263
1796
1038
535
139
712
918
1631
249
458
898
1370
689
1780
1345
129
1661
400
895
231
530
590
1226
844
591
1676
1632
837
151
451
939
1002
974
1679
1773
481
1475
657
305
1308
842
750
576
205
1018
863
290
1104
1314
193
802
131
1198
137
1191
329
1535
944
1678
1183
318
730
142
1712
745
594
1009
1563
647
355
512
1448
568
322
1492
459
1800
1437
407
17
446
314
1132
367
1168
1400
670
1590
983
1797
1082
1793
801
450
589
990
1784
831
1048
579
1066
782
540
144
1434
1630
1569
1610
832
709
928
1058
1424
37
1747
1520
1360
553
118
508
99
1129
513
806
356
69
746
55
964
1779
338
469
101
1522
299
45
833
761
1176
1450
1716
111
339
1764
713
1663
1304
552
726
1465
785
674
1177
1075
1200
628
879
374
242
696
1334
1099
923
1516
1592
204
230
1652
409
1472
1338
617
280
521
511
212
692
975
1709
1711
1625
1089
352
1714
347
499
1769
816
909
1441
1358
107
1120
1022
1557
1391
1147
1620
1699
541
1145
1653
1456
796
317
659
1497
864
938
410
1302
77
1589
694
241
1023
247
841
790
1306
171
554
932
1691
1720
1020
253
1008
1301
1235
561
1787
1496
1154
461
603
1122
896
559
1444
1511
1128
1657
1721
387
268
1545
531
570
154
562
901
612
1201
1164
341
505
1340
705
1271
522
80
82
573
433
1029
828
325
399
1272
1572
412
546
281
1806
1547
1136
1509
1801
961
1182
1615
1567
331
1375
1033
885
465
856
1665
95
1211
1564
1529
1274
1701
1754
222
1165
285
23
1646
42
444
278
447
734
1479
739
1629
754
868
977
1318
753
1483
997
1791
1021
363
893
1656
174
35
143
483
1290
1142
392
1016
1713
1585
887
960
39
780
262
574
32
751
54
678
41
201
1555
897
996
677
1077
245
1039
1593
264
1647
1726
793
284
514
1091
1807
702
86
372
385
373
83
227
915
360
466
959
560
464
567
933
12
14
848
1196
1532
660
388
208
1776
1410
1246
1362
545
1639
1050
345
719
428
1163
1123
307
1060
881
877
67
313
497
228
63
1397
155
1260
57
1514
172
165
663
1690
1399
1137
1374
1045
1096
1126
1668
196
952
1264
195
727
179
1510
1209
221
941
1321
523
237
500
1561
365
1252
1568
697
1187
381
604
1257
1298
949
1428
1407
742
1603
477
408
70
1474
813
267
1805
1429
771
164
377
985
1212
811
779
1541
1442
623
415
11
1477
1199
1364
1313
1017
1703
890
1216
140
490
1504
528
1247
1506
406
563
1278
1484
836
1571
1139
815
708
197
486
306
1110
608
847
456
1537
190
1135
1080
1025
743
1544
1219
320
1543
252
716
1481
435
1150
984
1047
871
1578
185
1241
1718
725
1462
1455
529
1117
1685
776
1258
1024
1161
1251
957
47
547
1792
1670
1322
217
491
1731
476
1617
651
758
340
1011
62
429
578
1446
343
147
818
1675
1053
115
286
30
300
1213
639
1316
958
383
176
375
1293
1388
876
88
1101
900
52
1379
1655
1170
1030
1088
778
1735
1341
861
310
1696
1223
1765
6
1041
81
1194
1131
1
1115
1559
276
1582
1487
359
1538
49
1106
882
1040
236
1664
1584
