1700
136
1118
1566
1478
907
1679
535
1031
1475
1156
1733
1110
96
1723
525
655
474
1764
1105
1287
1546
834
1667
1523
207
1579
1437
1568
1765
1198
1454
1009
199
752
475
233
1268
458
1178
614
1385
220
56
753
1316
1474
285
600
1214
446
855
1682
235
609
1058
1721
751
1163
1349
1569
1581
1381
532
1138
910
1504
959
359
556
176
507
848
1346
1001
962
242
1223
1714
1234
740
1240
1584
1491
1728
50
559
1174
1301
1102
1272
596
513
797
1294
502
663
228
660
868
1363
1537
414
937
896
356
1761
973
787
1498
1237
1052
1028
1545
1152
530
1387
344
1746
1208
1128
1652
1567
920
769
1597
1053
1300
1701
748
1664
842
353
1131
1204
850
449
736
298
132
1355
1260
554
1531
1252
1089
1405
1513
639
1517
1000
428
1469
813
861
1054
1259
671
291
1710
668
1456
1243
1550
219
18
122
575
1441
1134
1209
925
1747
730
1189
153
1094
1502
69
836
1077
1177
68
878
746
1589
496
1362
988
391
1493
877
677
801
190
490
1233
133
70
1717
52
135
617
1254
1468
1586
1251
248
873
1275
361
1368
473
301
347
410
294
1401
1539
272
1384
800
670
1660
1340
1482
1379
1486
289
1730
683
13
780
259
186
1400
804
1638
1458
501
969
989
1374
999
915
223
1689
1377
833
116
772
1559
1299
1307
167
60
189
852
225
1096
1230
92
9
1503
837
1416
332
1611
422
749
1075
1621
958
869
173
1143
1602
1290
523
548
1284
865
1608
897
727
1182
1762
1159
783
194
1188
1167
1452
275
386
1680
131
841
290
1592
304
161
453
991
974
1130
784
1760
597
210
1373
755
394
563
887
1703
1132
960
789
631
1505
623
1506
1461
571
295
627
119
381
1396
283
1674
985
10
662
1630
247
940
544
1036
1146
41
1392
197
1414
39
1555
1634
399
1235
1617
129
1250
607
372
1675
1690
61
810
343
1625
641
1122
611
1135
1411
174
881
853
951
1040
1113
1269
1136
743
1408
1560
1415
1434
1430
1158
335
22
657
366
719
792
124
540
1614
1624
1153
1016
87
594
1463
1322
899
1332
536
888
1139
331
970
1585
1364
972
1011
733
448
1145
1151
1270
1645
1222
1399
823
1467
0
1425
384
1524
1358
579
1261
1464
1279
1265
17
711
1320
1649
774
405
625
67
1117
224
1329
1651
1255
279
1598
1695
710
234
120
214
857
883
481
1066
1512
745
21
863
1548
1310
867
520
761
1257
81
1109
1064
1395
84
1485
1057
403
398
936
1350
1510
440
1365
107
1431
1280
849
1445
1663
415
436
1262
902
1013
1390
1525
1606
141
278
595
1470
1124
147
894
45
1092
552
250
1306
255
187
203
1061
1144
714
737
1421
504
318
830
263
53
1303
1126
901
1748
1655
268
1274
1712
309
1292
1266
1646
160
838
687
468
1613
387
185
78
537
531
1637
814
462
916
388
1258
1526
681
380
678
43
1369
945
1121
636
1091
7
590
1328
983
1669
1588
1449
423
1681
1019
624
1515
397
1343
1737
320
469
4
470
1533
212
426
1720
471
1557
977
968
1334
478
1108
286
1356
1267
80
411
150
134
1142
1577
971
1541
1007
180
957
879
2
1666
154
858
1172
419
914
351
1552
1080
1595
288
1554
1593
1459
676
573
811
1687
1394
1382
1014
826
75
1
1359
1423
355
574
339
479
98
229
489
1060
1137
184
856
115
382
1165
708
1409
819
494
77
241
722
245
1147
1648
688
647
1707
941
831
130
1696
880
29
1514
198
1684
345
350
1768
510
396
266
1012
519
835
956
1549
72
27
1321
791
990
218
514
232
844
964
1521
854
1324
57
487
1336
1127
46
14
28
1175
777
1348
333
806
684
1388
864
576
480
930
685
786
703
713
472
461
357
1149
239
980
181
790
1098
336
891
316
1678
1758
1141
1169
1635
73
773
929
19
317
1727
23
427
488
1004
1006
155
1030
919
818
330
424
465
1725
1749
928
1107
1271
297
256
1433
1553
349
809
776
1481
508
495
26
704
802
669
438
583
1460
48
1171
1027
36
734
451
146
137
261
1576
375
1561
66
1490
686
1716
992
1686
307
12
1582
1297
1199
15
1101
1264
900
626
1086
689
35
38
543
1238
109
1556
1205
723
1497
979
649
898
1029
1495
1466
1670
1183
270
1574
866
450
1657
1601
216
1543
374
911
976
1711
1166
1022
1572
1438
832
1025
632
1023
254
1508
1615
942
799
1477
824
1051
105
177
1754
1661
698
682
693
293
718
862
421
1219
659
932
931
593
230
766
1706
149
828
1176
1180
1590
1692
566
1528
1026
11
541
598
365
226
413
1698
1407
1750
1383
1371
327
1123
875
251
933
695
404
509
781
998
1499
580
443
1527
74
257
923
271
1302
1190
1072
1003
1455
779
522
1212
1225
83
1419
1694
1668
1017
182
843
982
139
499
1636
658
1693
906
505
1472
165
1020
939
1119
467
482
322
49
90
1087
1479
793
1402
300
765
1547
1312
1232
1729
503
208
707
694
1406
1697
882
584
550
846
822
1206
603
1671
431
1656
1140
820
1070
633
533
1618
409
163
86
965
429
1021
586
506
1115
407
1339
1718
1351
240
1150
648
827
402
1763
569
785
674
816
484
1620
706
760
851
1039
1186
16
1289
1427
158
500
592
1599
967
1056
581
1522
1422
209
768
629
1059
334
1067
549
724
1715
1084
1210
1709
1213
516
807
815
315
1185
905
1242
30
277
847
445
1439
354
292
1529
1263
1623
726
615
121
1203
323
1161
1046
1627
253
1221
1732
1738
348
1633
1639
1229
171
938
1157
944
206
738
1216
117
1619
634
890
675
169
311
1564
1047
1253
1282
447
401
460
1247
205
1298
1662
539
587
993
1276
79
1196
1114
93
1347
1065
1641
433
1699
1068
1285
1034
1741
157
1207
1538
1436
754
1393
265
1111
512
567
1575
1133
1008
673
373
817
952
183
439
1659
377
1565
37
588
560
273
987
1288
302
908
44
64
1488
1735
1330
994
400
1218
1426
71
113
99
1658
249
741
200
305
497
619
1591
912
1063
106
562
1295
728
712
238
1518
553
679
459
1283
1024
280
31
367
164
1049
444
1708
1248
1170
1370
1724
561
1450
1424
645
5
88
308
1654
313
32
1326
651
196
1164
565
246
1018
1398
526
145
876
466
1082
666
360
1609
1376
1202
89
860
1345
1610
825
716
963
1168
213
903
486
1612
1500
1193
477
1642
796
1742
243
55
1629
646
1044
885
1603
922
425
757
1083
321
1734
1245
1473
950
709
389
95
476
1740
1181
742
1311
527
138
1766
1033
59
1596
1162
1155
735
758
340
1228
33
517
1677
1653
986
1081
442
8
1722
620
1071
616
1739
904
653
1032
638
1544
578
151
895
1507
1278
1640
1551
222
529
328
778
608
1097
326
1041
1536
312
1534
418
201
1752
1241
1532
909
1002
829
195
1413
1745
926
1010
371
1501
661
392
1492
628
1043
188
1103
1154
1380
981
1308
946
717
1354
493
1318
1767
112
58
1309
1148
24
1226
690
1462
192
25
750
1571
1313
652
995
546
1688
314
408
363
1435
1078
1352
1038
264
172
329
557
452
276
1050
483
1605
6
699
871
114
1088
342
845
101
771
1353
1483
1412
211
1246
872
1100
601
1211
352
1035
1293
1753
918
1418
763
390
1743
943
913
721
524
921
178
395
518
747
269
892
376
1665
874
267
643
558
162
1759
770
1093
217
564
417
97
1484
1389
108
589
572
1403
125
1173
1420
1319
111
406
644
